    https://www.nonograms.org/nonograms/i/73026
    
    rows_condition = [
        11,44,4,6,10,44,3,11,3,3,44,3,15,2,4,2,44,20,2,3,6,44,
        
        15,2,2,1,2,5,44,15,1,1,1,1,1,2,4,44,14,1,1,1,2,1,2,4,44,14,1,1,2,1,2,1,3,44,14,3,1,1,3,2,1,2,3,44,

        14,1,1,1,2,1,2,1,2,44,14,4,3,4,2,1,2,44,7,4,1,2,1,4,3,2,1,2,44,7,1,2,1,2,6,1,2,44,6,2,1,4,4,2,44,

        7,1,3,4,1,2,3,44,2,6,2,1,2,2,1,3,44,1,2,2,1,1,1,4,44,2,2,2,2,1,2,2,5,44,4,2,3,1,1,2,2,2,44,

        5,2,3,1,1,3,4,1,44,6,2,5,3,1,2,4,44,7,2,2,2,1,2,2,1,44,7,4,2,2,3,2,44,6,2,2,2,3,1,44,

        4,1,1,6,2,44,6,2,1,3,3,44,2,3,2,2,10,44,2,3,2,2,9,2,44,3,4,4,8,4,44,

        4,2,6,1,5,6,44,5,1,7,1,1,7,44,5,2,7,2,1,8,44,5,1,8,1,2,8,44,5,2,8,1,1,8,44,

        5,1,2,6,2,1,8,44,5,1,1,1,6,1,2,8,44,5,1,1,1,5,1,1,8,44,5,1,1,1,6,3,9,44,4,2,1,2,5,1,9,44,

        4,1,1,1,6,1,10,44,3,2,2,1,6,7,2,44,3,1,1,2,6,6,3,44,2,2,2,1,6,2,6,44,1,2,2,2,18,44
    ]
    cols_condition = [
        6,16,44,8,8,16,44,13,6,16,1,44,13,6,2,11,2,44,14,7,8,3,44,

        16,6,3,44,2,14,6,4,44,2,16,5,44,2,9,2,2,4,44,1,9,2,1,2,3,1,44,

        1,11,1,2,2,4,2,44,1,12,2,2,2,3,3,44,1,12,2,2,2,8,44,1,11,1,2,2,44,12,2,4,44,

        7,1,2,44,6,1,1,3,44,5,1,1,1,44,4,1,2,1,6,44,5,2,1,4,11,44,

        10,1,1,2,8,4,44,2,2,5,2,9,3,44,7,3,2,10,1,44,2,3,5,12,44,2,9,3,13,44,

        2,4,1,2,3,12,44,1,2,1,2,2,5,10,44,2,3,2,1,1,1,1,8,7,44,1,3,1,1,3,5,4,5,44,1,1,3,1,1,4,4,3,44,

        1,1,2,1,2,4,3,1,44,1,1,3,2,2,1,4,3,3,44,1,2,3,2,2,2,4,4,5,44,1,1,2,1,1,1,8,5,1,44,1,2,3,1,2,4,7,1,44,

        1,2,7,2,3,9,1,44,2,2,2,4,3,10,1,44,1,3,2,5,10,2,44,2,8,2,11,2,44,2,2,11,3,44,

        2,2,15,44,4,2,16,44,6,4,7,2,44,16,6,44,17,5,44
    ]