vector<int> rows_condition_input = vector<int>({
    10,5,0,
        16,1,5,0,
        20,1,3,0,
        4,16,1,5,1,0,
        3,19,5,3,1,0,

        3,20,2,1,2,1,0,
        3,22,4,4,0,
        3,20,2,5,6,0,
        3,22,1,2,1,1,4,0,
        3,22,2,2,1,1,1,0,

        2,22,2,1,2,1,0,
        29,1,1,4,1,0,
        29,1,1,2,2,0,
        22,1,2,1,0,
        12,17,1,1,2,2,0,

        19,12,1,3,2,1,0,
        11,9,9,2,3,2,1,3,0,
        8,2,12,3,2,4,6,4,0,
        15,10,3,1,6,3,1,5,0,
        3,6,1,9,5,7,1,1,6,0,

        7,2,7,1,9,1,6,0,
        8,2,8,9,1,6,0,
        5,3,8,10,5,0,
        11,2,8,11,1,5,0,
        10,4,1,9,9,1,4,0,

        16,3,2,9,7,3,1,1,3,0,
        12,6,1,4,5,11,1,6,0,
        12,4,1,1,4,9,2,6,0,
        9,6,4,3,4,8,3,2,3,2,0,
        10,3,3,1,4,1,2,7,3,4,2,2,0,

        12,3,2,5,5,1,2,5,3,2,8,0,
        8,4,2,2,2,1,1,6,5,4,2,1,6,0,
        7,3,4,3,1,2,2,5,3,1,7,0,
        7,1,2,3,2,3,2,5,2,2,1,5,0,
        6,2,2,2,3,10,7,5,0,

        6,3,4,24,0,
        6,3,5,4,2,15,0,
        5,2,2,1,4,1,2,13,0,
        6,1,2,1,2,1,1,14,0,
        6,2,1,1,2,1,2,2,8,6,0,

        6,2,1,2,2,1,3,2,9,3,3,0,
        5,1,4,2,1,5,1,7,3,2,1,0,
        1,2,1,7,1,1,4,8,3,1,1,0,
        2,1,6,4,4,9,3,4,0,
        2,1,4,2,2,3,1,2,4,3,2,2,0,

        2,1,6,2,4,3,5,1,2,1,0,
        2,1,1,1,2,2,9,5,1,3,1,0,
        2,2,3,1,9,7,3,0,
        2,1,5,1,8,8,3,0,
        3,2,8,8,3,0,

        1,3,1,17,4,0,
        2,3,7,9,4,0,
        3,4,2,7,9,2,1,0,
        5,5,3,1,7,9,2,1,0,
        5,15,1,6,9,2,1,0,

        5,13,2,16,2,2,0,
        4,10,3,15,3,1,0,
        5,8,3,15,3,1,0,
        5,5,5,14,2,2,0,
        6,1,5,14,1,1,0,

        7,3,5,14,2,1,0,
        9,5,6,8,5,2,1,0,
        11,6,6,3,3,5,2,2,0,
        22,6,3,3,5,2,1,0,
        26,7,4,3,6,2,1,0,

        22,7,4,3,6,2,1,0,
        11,7,8,4,3,5,2,2,0,
        11,7,8,5,2,5,2,1,0,
        11,14,5,2,5,2,1,0,
        9,13,8,8,1,0,

        9,12,5,2,8,1,0,
        1,7,11,8,8,1,0,
        8,10,7,8,1,0,
        8,10,17,2,0,
        8,1,6,16,1,0,

        7,6,8,8,1,0,
        6,6,6,7,0,
        5,6,5,1,7,0,
        5,6,8,3,4,4,0,
        3,6,11,9,3,0
});
vector<int> cols_condition_input = vector<int>({
    4,1,1,1,0,
        5,3,2,2,1,0,
        5,11,2,2,0,
        5,17,4,2,0,
        5,21,7,4,0,

        29,9,5,0,
        8,19,13,0,
        8,24,12,0,
        3,3,27,11,0,
        2,3,3,12,4,4,11,0,

        5,3,2,9,3,10,0,
        7,2,2,7,2,5,3,11,0,
        6,2,2,2,2,2,3,2,3,11,0,
        5,2,2,3,2,2,2,3,11,0,
        4,2,3,1,2,6,3,1,4,9,1,0,

        2,5,3,2,1,1,1,2,1,1,4,11,0,
        3,6,3,2,1,2,1,1,2,1,5,12,0,
        2,8,3,1,2,2,5,2,5,14,0,
        3,10,3,3,1,3,1,3,1,2,5,6,9,0,
        3,10,4,10,4,2,1,12,9,0,

        15,3,6,3,1,1,5,7,8,0,
        15,3,1,2,1,1,5,7,8,0,
        15,3,1,3,1,4,7,7,0,
        15,3,1,1,4,7,6,0,
        16,3,3,7,5,0,

        16,3,2,1,2,8,1,0,
        16,3,1,4,3,8,0,
        17,3,1,1,2,3,8,1,0,
        16,3,2,1,1,1,2,6,3,0,
        16,3,2,1,2,14,0,

        17,3,1,3,1,1,2,22,0,
        17,3,1,4,4,27,0,
        16,3,2,2,4,25,0,
        15,1,3,6,6,23,0,
        14,1,4,7,6,1,19,0,

        14,2,6,2,2,3,2,13,0,
        11,1,7,3,1,2,3,4,0,
        2,1,2,1,5,1,3,5,0,
        2,2,7,2,3,0,
        4,4,4,4,3,0,

        9,4,4,0,
        6,3,0,
        7,0,
        5,0,
        3,1,0,

        3,2,0,
        10,3,7,2,0,
        18,14,2,0,
        20,18,2,0,
        21,3,17,12,3,0,

        20,2,34,0,
        14,2,2,2,34,0,
        22,2,2,33,1,0,
        2,2,11,7,2,21,11,1,0,
        6,2,6,2,4,2,1,11,12,1,6,2,0,

        1,6,1,3,5,1,1,1,5,5,27,2,0,
        3,2,3,3,1,2,2,2,1,2,34,3,2,0,
        2,2,2,2,1,3,1,1,1,1,2,27,2,0,
        1,2,1,3,1,2,1,1,1,2,32,11,0,
        4,2,2,3,1,2,46,0,

        6,1,1,1,2,7,7,35,0,
        6,3,1,2,4,9,33,0,
        1,2,3,2,7,3,44,1,0,
        1,3,3,8,4,1,7,4,8,14,1,0,
        7,9,7,6,5,3,9,1,0,

        2,25,29,1,2,0,
        10,28,9,2,0,
        19,3,4,1,0,
        15,1,6,2,0,
        10,2,4,1,0,

        3,3,5,1,0,
        5,0,
        4,0,
        4,0,
        3,0
});