    board = []
    M = 32
    N = 32

    for i in range(M):
        row = []
        for j in range(N):
            row.append(-1)
        board.append(row)
    
    rows_condition = [
        [4,21],
        [4,22],
        [2,23],
        [4,26],
        [4,21,3],

        [16,5],
        [2,12,13],
        [2,6,14],
        [2,4,18],
        [7,21],

        [7,11,1],
        [2,1,1,8,1,5],
        [2,3,4,1,1],
        [2,3,3,5,1,5],
        [2,1,1,5,1,3,1,2,2],

        [2,3,5,1,1,1,2,2],
        [2,3,1,1,13],
        [2,1,1,3,1,1],
        [2,3,3,3,13],
        [2,3,1,1,1,1,13],

        [2,1,4,3,3,13],
        [2,3,1,3,1,13],
        [11,11,1,1,1],
        [2,1,1,1,3,1,4,1,1,1],
        [4,27],

        [2,1,1,1,1,1,1,13],
        [9,22],
        [1,1,3,1,13],
        [4,6,11,1,1,1],
        [1,3,3,11,1,1,1],

        [1,3,20],
        [9,1,1,13]
    ]
    cols_condition = [
        [32],
        [27,1,1],
        [2,3,2,1,1,1,1,1],
        [2,24,2,1],
        [6,2,2,2,2,1,1,1],

        [23,2,1],
        [8,1,1,1,1,1,1],
        [5,8,1,1],
        [5,1,1,1,6],
        [5,2,1,1,3],

        [6,22],
        [7,7,2,2,2,2],
        [7,23],
        [7,4,2,1,1,1,3],
        [7,4,1,1,1,3],

        [6,4,1,1,1,1,1,3],
        [5,4,14],
        [5,4,1,1,1,1,1,3],
        [5,4,1,1,1,3],
        [5,5,19],

        [5,5,1,1,14],
        [5,4,2,1,14],
        [5,4,2,1,14],
        [5,4,4,4,4,2],
        [5,4,1,4,4,2],

        [5,11,14],
        [4,4,1,4,4,2],
        [4,5,6,4,4,2],
        [4,5,1,4,14],
        [10,1,1,1,4,4,2],

        [10,1,4,4,4,2],
        [10,1,4,14]
    ]