    board = []
    M = 30
    N = 30

    for i in range(M):
        row = []
        for j in range(N):
            row.append(-1)
        board.append(row)
    
    rows_condition = [
        [6],
        [5,2,1],
        [2,2,2,1],
        [2,2,9],
        [5,7],

        [2,1,1],
        [2,2,2,2],
        [6,4,2,4],
        [14,2],
        [5,1,12,2],

        [3,1,5,2,4,3],
        [3,1,5,1,2,5],
        [5,1,1,9,2],
        [6,1,1,1,10,2],
        [5,1,1,1,1,2,4,3],

        [3,1,1,1,1,1,2,2,6],
        [7,1,1,1,8,3,3],
        [9,1,1,8,1,1,3],
        [13,2,2,1,3,1],
        [15,2,1,3],

        [14,2,1,1,1],
        [15,1,1,2],
        [14,1,3],
        [13,1,1],
        [14],

        [2,11],
        [2,2,6],
        [2,2,3],
        [7,6,4,2],
        [1,4,6,4,4]
    ]
    cols_condition = [
        [1,2,1,5,2],
        [1,2,1,7,1],
        [1,1,2,7,1],
        [1,1,1,2,4,1],
        [2,1,12,1],

        [2,3,1,2,5,1],
        [4,1,12,2],
        [1,1,1,2,5,1],
        [1,1,14,1],
        [1,1,1,2,4,1],

        [2,1,15,1],
        [3,1,1,5,1],
        [2,16,2],
        [3,5,2],
        [25],

        [24],
        [2,2,2,5,1],
        [2,2,2,5,1],
        [2,2,2,4,1],
        [2,2,2,2,5,1],

        [3,24],
        [2,1,25],
        [1,1,6,4,1],
        [1,1,3,13,1],
        [1,1,2,2,4,1],

        [1,1,2,15,1],
        [2,1,3,3,2,3,1],
        [2,1,1,14,1],
        [1,1,3,2,3,1],
        [1,1,3,2,3,1]
    ]