    board = []
    M = 30
    N = 30

    for i in range(M):
        row = []
        for j in range(N):
            row.append(-1)
        board.append(row)
    
    rows_condition = [
        [2],
        [4],
        [7],
        [11],
        [13],

        [16],
        [9,7],
        [9,1,1],
        [7,11],
        [4,3,3],

        [3,3,11,3],
        [4,1,1,1,1,1,1,1,4],
        [4,1,1,1,1,1,1,1,1,1,4],
        [21],
        [8,8],

        [3,1,1,2,2,1,1,3],
        [29],
        [2,1,1,1,1,1,1,1,1,1,2],
        [2,1,1,1,1,1,1,1,1,1,2],
        [21],

        [27],
        [3,2,2,2,2,2,2,2,2,2],
        [1,1],
        [3,3,2],
        [1,3,5,3,1],

        [1,1,1,1,1,1,1,1,1,1,1],
        [1,5,7,5,1],
        [1,1,1,1,1,1,1,1,1,1,1],
        [1,5,7,5,1],
        [1,1,1,1,1,1,1,1,1,1,1]
    ]
    cols_condition = [
        [6,1,1],
        [7,1,1,1],
        [8,1,2,10],
        [7,1,3,1],
        [7,2,4,2],

        [8,3,1,4,5],
        [9,2,2,1,2,1,1,1],
        [8,12,6],
        [7,2,2,1,3,1,1,1],
        [4,1,4,5,5],

        [4,4,4,3],
        [3,1,5,6],
        [4,1,1,4,2,5],
        [3,1,12,1,1,1],
        [2,1,1,1,1,3,2,1,1],

        [2,1,4,5,7],
        [1,1,1,1,1,3,2,1,1],
        [1,1,12,1,1,1],
        [1,1,1,4,2,5],
        [1,5,6],

        [4,4,3],
        [1,4,5,5],
        [2,2,1,3,1,1,1],
        [12,6],
        [2,2,1,2,1,1,1],

        [3,1,4,5],
        [2,4,2],
        [1,3,1],
        [1,2,10],
        [1,1,1]
    ]