    board = []
    M = 30
    N = 30

    for i in range(M):
        row = []
        for j in range(N):
            row.append(-1)
        board.append(row)
    
    rows_condition = [
        [3,3,3,3,3],
        [3,1,1,1,1,1,1,1,1,1],
        [6,5,1,1,5],
        [3,2,1,1,1,1],
        [2,1,2,7,3],

        [2,1,2,1,1,1,1,1],
        [1,1,6,7],
        [2,2,1,1,1],
        [3,2,6,7],
        [4,4,1,1,1,1,1],

        [2,2,1,2,7,3],
        [1,2,1,2,1,1,1],
        [1,2,1,1,1,1,5],
        [2,3,2,1,1,1,1,1],
        [1,1,1,1,1,2,3,3],

        [1,3,5,1],
        [2,7,1],
        [2,1,1,1,2],
        [11],
        [4,7],

        [4,3,3],
        [5,3,1,3],
        [3,2,4,2,2],
        [2,1,1,6,1,1],
        [4,10,3],

        [19],
        [4,3,3,3,4],
        [1,1,1,1,1,1,1,1,1,1,1],
        [1,1,3,3,3,3,1,1],
        [23]
    ]
    cols_condition = [
        [2],
        [2,1],
        [3,2],
        [6,1],
        [4,6,2],

        [4,2,3,2,3],
        [2,5,1,2,2],
        [7,1,2,5,4,1],
        [4,3,2,12,2],
        [3,4,2,2,2,3],

        [3,1,1,1,1,1,6,2],
        [3,1,1,1,13,1],
        [1,1,1,2,1,2,9,2],
        [3,1,2,2,2,3,4,3],
        [7,5,1,4,2],

        [3,2,2,3,6,1],
        [1,1,1,1,1,2,6,3,2],
        [5,1,1,3,2,3,1,1,3],
        [1,1,1,3,2,3,2],
        [3,7,6,1],

        [1,1,1,1,1,1,3,2],
        [7,7,2,1],
        [1,1,2],
        [7,7],
        [1,1,1,1,1,1],

        [3,7,3],
        [1,1,1,1],
        [5,1,1,5],
        [1,1,1,1,1,1,1,1],
        [3,3,3,3]
    ]