    board = []
    M = 25
    N = 25

    for i in range(M):
        row = []
        for j in range(N):
            row.append(-1)
        board.append(row)
    
    rows_condition = [
        [14,1],
        [2],
        [17],
        [1,1,1,1,1,1,1,1,3],
        [1,1,1,1,1,1,1,1,1,3,1],

        [1,1,1,1,1,1,1,1,1,1,4],
        [1,1,1,1,1,1,1,1,1,1,2],
        [22],
        [1],
        [2,2,2,2,2,2],

        [2,2,2,2,2,10],
        [1,1,1,1,1],
        [17,1,1,1,1],
        [1,1,1,1,1],
        [1,5,5,11],

        [1,1,1,1,1,1,1],
        [1,2,2,2,2,3,2,2,1],
        [1,1,1,1,2,2,2,1],
        [4,5,6],
        [9],

        [1,5,5,3],
        [1,5,5,8,2],
        [2,1,1],
        [4,5,4,3,2,2],
        [4,5,4,1,1,1,1]
    ]
    cols_condition = [
        [1,4,1,2,1,3,1,2,2],
        [1,1,2,2,1,1,2],
        [1,4,1,1,3,1,2,2],
        [1,1,2,2,1,1,3,2,2],
        [1,4,1,2,1,1,2],

        [1,1,2,1,1,3,2,2],
        [1,4,1,2,1,3,1,2,2],
        [1,1,2,2,1,1,2],
        [1,4,1,1,3,1,2,2],
        [1,1,2,2,1,1,3,2,2],

        [1,4,1,2,1,1,2],
        [1,1,2,1,1,3,2,2],
        [1,4,1,2,1,3,1,2,2],
        [1,1,2,2,1,1,2],
        [5,1,1,3,1,2,2],

        [3,2,2,1,1,3,2],
        [4,18],
        [1,2,1,1,1,3],
        [3,1,5,2,1,1,2],
        [1,2,1,1,2,1,1],

        [2,1,5,1,1,2],
        [3,1,1,2,1,3],
        [2,5,2,1],
        [2,1,1,1,3],
        [5,2,1,1,2]
    ]