    board = []
    M = 25
    N = 25

    for i in range(M):
        row = []
        for j in range(N):
            row.append(-1)
        board.append(row)
    
    rows_condition = [
        [1,3,1],
        [3,5,3],
        [1,5,1,1],
        [1,3,3],
        [2,3,5,1,2],

        [4,1,5,4],
        [4,7,4],
        [23],
        [19],
        [1,7,7],

        [3,5,1,5,1],
        [1,3,3,3,3],
        [1,2,5,2,1],
        [3,3,3,3,1],
        [1,5,1,5,3],

        [7,7,1],
        [19],
        [23],
        [4,7,4],
        [4,5,1,4],

        [2,1,5,3,2],
        [3,3,1],
        [1,1,5,1],
        [3,5,3],
        [1,3,1]
    ]
    cols_condition = [
        [2,1,2],
        [4,3,4,1],
        [1,4,1,1,4,3],
        [3,4,3,4,1],
        [1,3,1,3,1],

        [4,4,3],
        [1,5,5,1],
        [3,11],
        [1,11],
        [5,5],

        [2,6,1,6,2],
        [9,3,9],
        [9,5,9],
        [9,3,9],
        [2,6,1,6,2],

        [5,5],
        [1,11],
        [3,11,1],
        [1,5,5,3],
        [4,4,1],

        [1,3,1,3,1],
        [3,4,3,4,3],
        [1,4,1,1,4,1],
        [4,3,4],
        [2,1,2]
    ]