    board = []
    M = 25
    N = 25

    for i in range(M):
        row = []
        for j in range(N):
            row.append(-1)
        board.append(row)
    
    rows_condition = [
        [5,4],
        [4,4,3,1],
        [6,3,5,2,3],
        [3,2,3,3,2,2],
        [1,1,3,2,2,1],

        [3,2,2,2,2,2],
        [4,9,4],
        [8,2,2,2,1],
        [2,3,1,3,1,2],
        [1,2,1,1,1,3,4],

        [1,1,2,2,2,3,4],
        [2,7,1,2,4],
        [2,1,2,2,2,3],
        [4,1,2,2],
        [2,1,2],

        [5,1,3],
        [3,1,1,1],
        [2,2],
        [1,2],
        [1,1],

        [1,1],
        [1,1],
        [4],
        [2,1],
        [5]
    ]
    cols_condition = [
        [4],
        [3,2,4],
        [8,2],
        [2,2,2],
        [2,3,2,1,1],

        [4,1,1,1,1,2],
        [2,1,5,2],
        [1,2,1,2,3],
        [1,3,5],
        [2,3,3],

        [1,1,4,1,1],
        [6,6,2],
        [4,4,8],
        [3,1,1,2,1,1],
        [4,4,4,2,3],

        [4,2,13],
        [4,2,3],
        [1,1,2,3],
        [2,1,2],
        [2,3],

        [2,2],
        [2,2,5],
        [6,4],
        [1,2,5],
        [3,5]
    ]