    board = []
    M = 30
    N = 30

    for i in range(M):
        row = []
        for j in range(N):
            row.append(-1)
        board.append(row)
    
    rows_condition = [
        [2,1,5,2],
        [3,2,1,1,2,4],
        [1,2,3,8],
        [4,1,3,2],
        [7,7,5],

        [2,9],
        [5,11],
        [11],
        [11],
        [17,4],

        [3,1,1,1,1,1,3,2],
        [2,1,1,1,1,1,2,5],
        [3,1,1,1,1,1,3],
        [3,3,3],
        [1,1,17,1],

        [4,3,1,1,1,1,1,1,1,3],
        [2,1,1,1,1,1,1,1,2],
        [2,1,1,1,1,1,1,1,2],
        [2,1,1,1,1,1,1,1,2],
        [2,3,1,1,1,1,1,1,1,3,2],

        [3,2],
        [25],
        [30],
        [4,5,5,5,3],
        [2,3,3,3,2],

        [3,3,1,3,1,3,3],
        [2,1,3,1,1,3,1,1,3,1,2],
        [2,1,3,1,1,3,1,1,3,1,2],
        [3,1,3,1,1,3,1,1,3,4],
        [11,7,10]
    ]
    cols_condition = [
        [1,1,1,1,1,2,2],
        [1,1,1,1,1,8],
        [3,1,1,1,2,8],
        [1,2,1,2,1,3,1,1],
        [2,3,2,4],

        [1,2,3,1,3,1],
        [1,1,1,5,9],
        [1,1,2,8,9],
        [1,1,4,1,9],
        [3,4,6,3,1],

        [4,1,2,4],
        [8,6,2,1],
        [6,1,2,4],
        [9,6,3,1],
        [8,1,9],

        [13,6,9],
        [8,1,9],
        [9,6,3,1],
        [6,1,2,4],
        [3,8,6,2,1],

        [1,1,4,1,2,4],
        [1,1,4,6,3,1],
        [1,1,4,1,9],
        [3,2,8,9],
        [3,1,5,9],

        [3,2,3,1,3,1],
        [2,1,3,2,4],
        [2,1,1,1,1,3,1,2],
        [2,1,1,1,2,8],
        [1,1,1,1,1,8]
    ]